5+5

ans =

    10

disp(get(0, 'Echo'))
off
1.0+1.0e-5

ans =

    1.0000

disp(get(0, 'Echo'))
off
1.0+1.0e-5

ans =

     1.000010000000000e+00

(1.0+1.0e-5)-1.0

ans =

     1.000000000006551e-05

(1.0+1.0e-8)-1.0

ans =

     9.999999939225290e-09

(1.0+1.0e-10)-1.0

ans =

     1.000000082740371e-10

(1.0+1.0e-15)-1.0

ans =

     1.110223024625157e-15

(1.0+1.0e-18)-1.0

ans =

     0

(1.0+1.0e-16)-1.0

ans =

     0

x = 1.1

x =

     1.100000000000000e+00

x = 1.1;
x

x =

     1.100000000000000e+00

disp(x);
     1.100000000000000e+00

% This is a comment and will not do anything.
sin(pi)

ans =

     1.224646799147353e-16

pi

ans =

     3.141592653589793e+00

besselj(0,pi)

ans =

    -3.042421776440938e-01

x = [1 2 3 ; 3 4 5];
x

x =

     1     2     3
     3     4     5

y = [4 ; -1; 0];
y

y =

     4
    -1
     0

x*y

ans =

     2
     8

y*x
??? Error using ==> mtimes
Inner matrix dimensions must agree.

x = [1 ; 4; -1];
x

x =

     1
     4
    -1

y

y =

     4
    -1
     0

x'

ans =

     1     4    -1

x' * y

ans =

     0

 x * y'

ans =

     4    -1     0
    16    -4     0
    -4     1     0

sin(x)

ans =

     8.414709848078965e-01
    -7.568024953079282e-01
    -8.414709848078965e-01

theta = 0:0.1:2*pi

theta =

  Columns 1 through 2 

                         0     1.000000000000000e-01

  Columns 3 through 4 

     2.000000000000000e-01     3.000000000000000e-01

  Columns 5 through 6 

     4.000000000000000e-01     5.000000000000000e-01

  Columns 7 through 8 

     6.000000000000001e-01     7.000000000000001e-01

  Columns 9 through 10 

     8.000000000000000e-01     9.000000000000000e-01

  Columns 11 through 12 

     1.000000000000000e+00     1.100000000000000e+00

  Columns 13 through 14 

     1.200000000000000e+00     1.300000000000000e+00

  Columns 15 through 16 

     1.400000000000000e+00     1.500000000000000e+00

  Columns 17 through 18 

     1.600000000000000e+00     1.700000000000000e+00

  Columns 19 through 20 

     1.800000000000000e+00     1.900000000000000e+00

  Columns 21 through 22 

     2.000000000000000e+00     2.100000000000000e+00

  Columns 23 through 24 

     2.200000000000000e+00     2.300000000000000e+00

  Columns 25 through 26 

     2.400000000000000e+00     2.500000000000000e+00

  Columns 27 through 28 

     2.600000000000000e+00     2.700000000000000e+00

  Columns 29 through 30 

     2.800000000000000e+00     2.900000000000000e+00

  Columns 31 through 32 

     3.000000000000000e+00     3.100000000000000e+00

  Columns 33 through 34 

     3.200000000000000e+00     3.300000000000000e+00

  Columns 35 through 36 

     3.400000000000000e+00     3.500000000000000e+00

  Columns 37 through 38 

     3.600000000000000e+00     3.700000000000000e+00

  Columns 39 through 40 

     3.800000000000000e+00     3.900000000000000e+00

  Columns 41 through 42 

     4.000000000000000e+00     4.100000000000000e+00

  Columns 43 through 44 

     4.200000000000000e+00     4.300000000000000e+00

  Columns 45 through 46 

     4.400000000000000e+00     4.500000000000000e+00

  Columns 47 through 48 

     4.600000000000000e+00     4.700000000000000e+00

  Columns 49 through 50 

     4.800000000000000e+00     4.900000000000000e+00

  Columns 51 through 52 

     5.000000000000000e+00     5.100000000000000e+00

  Columns 53 through 54 

     5.200000000000000e+00     5.300000000000000e+00

  Columns 55 through 56 

     5.400000000000000e+00     5.500000000000000e+00

  Columns 57 through 58 

     5.600000000000000e+00     5.700000000000000e+00

  Columns 59 through 60 

     5.800000000000000e+00     5.900000000000000e+00

  Columns 61 through 62 

     6.000000000000000e+00     6.100000000000001e+00

  Column 63 

     6.200000000000000e+00

plot(theta,sin(theta));
plot(theta,sin(theta),'o');
plot(theta,sin(theta),'o-');
plot(theta,sin(theta),'o-k');
plot(theta,sin(theta),'o-r');
xlabel('\theta');
ylabel('sin(\theta)');
x+y

ans =

     5
     3
    -1

plot(theta,sin(theta)+1.1*cos(2*theta),'o-r');
theta = 0:0.01:2*pi

theta =

  Column 1 

                         0

  Column 2 

     1.000000000000000e-02

  Column 3 

     2.000000000000000e-02

  Column 4 

     3.000000000000000e-02

  Column 5 

     4.000000000000000e-02

  Column 6 

     5.000000000000000e-02

  Column 7 

     6.000000000000000e-02

  Column 8 

     7.000000000000001e-02

  Column 9 

     8.000000000000000e-02

  Column 10 

     9.000000000000000e-02

  Column 11 

     1.000000000000000e-01

  Column 12 

     1.100000000000000e-01

  Column 13 

     1.200000000000000e-01

  Column 14 

     1.300000000000000e-01

  Column 15 

     1.400000000000000e-01

  Column 16 

     1.500000000000000e-01

  Column 17 

     1.600000000000000e-01

  Column 18 

     1.700000000000000e-01

  Column 19 

     1.800000000000000e-01

  Column 20 

     1.900000000000000e-01

  Column 21 

     2.000000000000000e-01

  Column 22 

     2.100000000000000e-01

  Column 23 

     2.200000000000000e-01

  Column 24 

     2.300000000000000e-01

  Column 25 

     2.400000000000000e-01

  Column 26 

     2.500000000000000e-01

  Column 27 

     2.600000000000000e-01

  Column 28 

     2.700000000000000e-01

  Column 29 

     2.800000000000000e-01

  Column 30 

     2.900000000000000e-01

  Column 31 

     3.000000000000000e-01

  Column 32 

     3.100000000000000e-01

  Column 33 

     3.200000000000000e-01

  Column 34 

     3.300000000000000e-01

  Column 35 

     3.400000000000000e-01

  Column 36 

     3.500000000000000e-01

  Column 37 

     3.600000000000000e-01

  Column 38 

     3.700000000000000e-01

  Column 39 

     3.800000000000000e-01

  Column 40 

     3.900000000000000e-01

  Column 41 

     4.000000000000000e-01

  Column 42 

     4.100000000000000e-01

  Column 43 

     4.200000000000000e-01

  Column 44 

     4.300000000000000e-01

  Column 45 

     4.400000000000000e-01

  Column 46 

     4.500000000000000e-01

  Column 47 

     4.600000000000000e-01

  Column 48 

     4.700000000000000e-01

  Column 49 

     4.800000000000000e-01

  Column 50 

     4.900000000000000e-01

  Column 51 

     5.000000000000000e-01

  Column 52 

     5.100000000000000e-01

  Column 53 

     5.200000000000000e-01

  Column 54 

     5.300000000000000e-01

  Column 55 

     5.400000000000000e-01

  Column 56 

     5.500000000000000e-01

  Column 57 

     5.600000000000001e-01

  Column 58 

     5.700000000000001e-01

  Column 59 

     5.800000000000000e-01

  Column 60 

     5.900000000000000e-01

  Column 61 

     6.000000000000000e-01

  Column 62 

     6.100000000000000e-01

  Column 63 

     6.200000000000000e-01

  Column 64 

     6.300000000000000e-01

  Column 65 

     6.400000000000000e-01

  Column 66 

     6.500000000000000e-01

  Column 67 

     6.600000000000000e-01

  Column 68 

     6.700000000000000e-01

  Column 69 

     6.800000000000000e-01

  Column 70 

     6.900000000000001e-01

  Column 71 

     7.000000000000001e-01

  Column 72 

     7.100000000000000e-01

  Column 73 

     7.200000000000000e-01

  Column 74 

     7.300000000000000e-01

  Column 75 

     7.400000000000000e-01

  Column 76 

     7.500000000000000e-01

  Column 77 

     7.600000000000000e-01

  Column 78 

     7.700000000000000e-01

  Column 79 

     7.800000000000000e-01

  Column 80 

     7.900000000000000e-01

  Column 81 

     8.000000000000000e-01

  Column 82 

     8.100000000000001e-01

  Column 83 

     8.200000000000001e-01

  Column 84 

     8.300000000000001e-01

  Column 85 

     8.400000000000000e-01

  Column 86 

     8.500000000000000e-01

  Column 87 

     8.600000000000000e-01

  Column 88 

     8.700000000000000e-01

  Column 89 

     8.800000000000000e-01

  Column 90 

     8.900000000000000e-01

  Column 91 

     9.000000000000000e-01

  Column 92 

     9.100000000000000e-01

  Column 93 

     9.200000000000000e-01

