[x y1] = ode45(@bvp1,0:0.01:1,[1 0 0 1]);
[x y2] = ode45(@bvp1,0:0.01:1,[1 0.5 0 1]);
y1(end,1)

ans =

     2.633382722956903e+00

y2(end,1)

ans =

     3.680485672408417e+00

next(y1,y2)

ans =

    -1.257461228781900e+00

next(y1,y2)

ans =

     1.750626704065421e-01

[x y3] = ode45(@bvp1,0:0.01:1,[1 1.750626704065421e-01 0 1]);
y3(end,1)

ans =

     2.990242091387793e+00

next(y3,y2)

ans =

     1.796562788862896e-01

[x y4] = ode45(@bvp1,0:0.01:1,[1 1.796562788862896e-01 0 1]);
y4(end,1)

ans =

     2.999745240678544e+00

next(y4,y2)

ans =

     1.797761638603851e-01

[x y5] = ode45(@bvp1,0:0.01:1,[1 1.797761638603851e-01 0 1]);
y5(end,1)

ans =

     2.999993352115001e+00

diary off
